0.0
0.0
0.0
0.0
0.0
0.0
0.0
0.0
0.0
0.0
0.0
0.0
0.0
0.0
0.0
0.0
0.0
0.0
0.0
0.0
0.0
0.0
0.0
0.0
0.0
0.0
0.0
0.0
0.0
0.0
0.0
0.0
0.0
0.0
0.0
0.0
0.0
0.0
0.0
0.0
0.0
0.0
0.0
0.0
0.0
0.0
0.0
0.0
0.0
0.0
0.0
0.0
0.0
0.0
0.0
0.0
0.0
0.0
0.0
0.0
0.0
0.0
0.0
0.0
0.0
0.0
0.0
0.0
0.0
0.0
0.0
0.0
0.0
0.0
0.0
0.0
0.0
0.0
0.0
0.0
0.0
0.0
0.0
0.0
0.0
0.0
0.0
0.0
0.0
0.0
0.0
0.0
0.0
0.0
0.0
0.0
0.0
0.0
0.0
0.0
0.0
0.0
0.0
0.007999897003173828
0.0
0.0
0.0
0.0
0.0
0.0
0.0
0.0
0.008272409439086914
0.0
0.0
0.0
0.0
0.0056209564208984375
0.0
0.0
0.0038623809814453125
0.0
0.0
0.0
0.0
0.0
0.0
0.00801849365234375
0.0
0.0
0.0
0.0
0.0
0.007979393005371094
0.0
0.0
0.0
0.0
0.0
0.0
0.0
0.0
0.0
0.0
0.007994413375854492
0.0015332698822021484
0.0
0.0
0.0
0.0
0.0
0.0
0.0
0.0
0.0
0.0
0.0
0.0
0.0
0.0
0.0
0.0
0.0
0.015625476837158203
0.0
0.0
0.0
0.0
0.0
0.0
0.015607357025146484
0.0
0.0
0.0
0.0
0.0
0.0
0.015625476837158203
0.0
0.0
0.0
0.0
0.0
0.0
0.0
0.0
0.0
0.0
0.0
0.0
0.0
0.0
0.0
0.0
0.015634536743164062
0.0
0.0
0.0
0.0
0.0
0.01584911346435547
0.0
0.0
0.0
0.0
0.0
0.0
0.0
0.0
0.0
0.0
0.0156402587890625
0.0
0.0
0.0
0.0
0.015630006790161133
0.0
0.0
0.0
0.015609264373779297
0.0
0.0065135955810546875
0.0
0.0
0.0
0.0
0.0156400203704834
0.0
0.0
0.0
0.0
0.0
0.0
0.015624761581420898
0.0
0.0
0.015627384185791016
0.0
0.0
0.0
0.0
0.008013010025024414
0.0
0.008342266082763672
0.0
0.007534027099609375
0.0
0.008022785186767578
0.0
0.0
0.0
0.01562356948852539
0.0
0.0
0.0
0.0
0.0
0.0
0.0
0.01563572883605957
0.0016429424285888672
0.0
0.0
0.012276649475097656
0.008002519607543945
0.0
0.00799870491027832
0.0
0.0
0.007996559143066406
0.0
0.0
0.0
0.0
0.01562643051147461
0.0
0.0
0.015625476837158203
0.0
0.0
0.015628576278686523
0.0
0.0
0.015625
0.0
0.0
0.017899513244628906
0.0
0.007997751235961914
0.0076863765716552734
0.00407862663269043
0.0020911693572998047
0.006126880645751953
0.0
0.010490894317626953
0.007999420166015625
0.0
0.00800180435180664
0.008000612258911133
0.007999897003173828
0.0
0.00360107421875
0.008043766021728516
0.0020427703857421875
0.010498762130737305
0.0
0.010627269744873047
0.0
0.0020449161529541016
0.008252859115600586
0.0
0.010421991348266602
0.0
0.01045989990234375
0.008055448532104492
0.00804281234741211
0.002029895782470703
0.010109663009643555
0.0
0.00203704833984375
0.010114192962646484
0.010093212127685547
0.010083675384521484
0.010076284408569336
0.01011800765991211
0.00802755355834961
0.0020220279693603516
0.010074138641357422
0.01005864143371582
0.0
0.002038240432739258
0.01013040542602539
0.008061647415161133
0.0020198822021484375
0.010080099105834961
0.010100126266479492
0.010099411010742188
0.008028507232666016
0.0
0.0020263195037841797
0.010050535202026367
0.01007986068725586
0.01004171371459961
0.010074615478515625
0.008023738861083984
0.0
0.0020303726196289062
0.002024412155151367
0.010086297988891602
0.01004648208618164
0.008033514022827148
0.0020303726196289062
0.002023935317993164
0.002028226852416992
0.010047435760498047
0.01009225845336914
0.008029699325561523
0.002022981643676758
0.010080814361572266
0.010045051574707031
0.010064363479614258
0.008026599884033203
0.0
0.0020339488983154297
0.010046005249023438
0.0020813941955566406
0.01004934310913086
0.01008296012878418
0.010052204132080078
0.018152475357055664
0.012093544006347656
0.008037090301513672
0.008059024810791016
0.002023458480834961
0.002022266387939453
0.013437986373901367
0.007989883422851562
0.00803518295288086
0.009949445724487305
0.010051250457763672
0.018074989318847656
0.010149717330932617
0.0020194053649902344
0.0020294189453125
0.010056257247924805
0.010070562362670898
0.010049581527709961
0.0100555419921875
0.01004934310913086
0.010061502456665039
0.01004934310913086
0.010063409805297852
0.012244462966918945
0.010022163391113281
0.010090351104736328
0.010040521621704102
0.028170347213745117
0.008035421371459961
0.01811838150024414
0.010076761245727539
0.01003575325012207
0.010074853897094727
0.010052204132080078
0.01006460189819336
0.010041236877441406
0.010072946548461914
0.010439395904541016
0.010090827941894531
0.010339021682739258
0.01040959358215332
0.010204792022705078
0.01032257080078125
0.01029825210571289
0.010622978210449219
0.01048731803894043
0.010509014129638672
0.010316610336303711
0.010227203369140625
0.010208845138549805
0.010170459747314453
0.01020050048828125
0.010312795639038086
0.010383129119873047
0.01029348373413086
0.010103702545166016
0.010076045989990234
0.010095596313476562
0.010335922241210938
0.0020456314086914062
0.010110139846801758
0.010076045989990234
0.010112285614013672
0.010094881057739258
0.01010274887084961
0.010086536407470703
0.010076761245727539
0.010101079940795898
0.010096073150634766
0.010096549987792969
0.010087013244628906
0.012118339538574219
0.010097503662109375
0.010298013687133789
0.010108470916748047
0.010364055633544922
0.010254383087158203
0.010211944580078125
0.010300636291503906
0.010312557220458984
0.010206460952758789
0.010294198989868164
0.010200738906860352
0.010218381881713867
0.010514497756958008
0.010280847549438477
0.010503292083740234
0.010403633117675781
0.010206460952758789
0.010319232940673828
0.012320756912231445
0.01021885871887207
0.010294437408447266
0.010212898254394531
0.01224970817565918
0.01029825210571289
0.010335683822631836
0.012117862701416016
0.010087728500366211
0.018154382705688477
0.0121612548828125
0.010094642639160156
0.010119915008544922
0.012137889862060547
0.010092496871948242
0.018117904663085938
0.012095212936401367
0.018074512481689453
0.012061119079589844
0.010079622268676758
0.020122766494750977
0.0100250244140625
0.018066883087158203
0.010231256484985352
0.02043914794921875
0.01007533073425293
0.01212453842163086
0.010340452194213867
0.020189523696899414
0.010075807571411133
0.018126964569091797
0.010065793991088867
0.018085718154907227
0.012103796005249023
0.018158435821533203
0.010104179382324219
0.010094165802001953
0.01211404800415039
0.01814866065979004
0.01213526725769043
0.010075569152832031
0.012115001678466797
0.010097026824951172
0.012131690979003906
0.02035832405090332
0.018364667892456055
0.010092735290527344
0.018139362335205078
0.010098934173583984
0.020277738571166992
0.010087966918945312
0.012108325958251953
0.0181272029876709
0.012138605117797852
0.01815485954284668
0.010076522827148438
0.020156383514404297
0.010355472564697266
0.02043437957763672
0.02014303207397461
0.008116006851196289
0.012072324752807617
0.020188093185424805
0.020146608352661133
0.018163204193115234
0.01010274887084961
0.020219802856445312
0.010075807571411133
0.010093212127685547
0.020116567611694336
0.02016448974609375
0.018140792846679688
0.010103702545166016
0.02019977569580078
0.018129587173461914
0.012141942977905273
0.012290716171264648
0.020214557647705078
0.010280132293701172
0.012388467788696289
0.02019810676574707
0.018140077590942383
0.010076284408569336
0.012127161026000977
0.020188570022583008
0.02015376091003418
0.018137693405151367
0.01236867904663086
0.020198822021484375
0.020204782485961914
0.0180819034576416
0.018093347549438477
0.010064363479614258
0.012113332748413086
0.020149946212768555
0.02010035514831543
0.0180661678314209
0.010060548782348633
0.02017068862915039
0.020160913467407227
0.020214319229125977
0.020197391510009766
0.020184040069580078
0.02021050453186035
0.018161296844482422
0.01809859275817871
0.020119905471801758
0.01817154884338379
0.020180940628051758
0.02017974853515625
0.020191192626953125
0.02016139030456543
0.020177364349365234
0.018138885498046875
0.020207643508911133
0.020205020904541016
0.020122289657592773
0.020112037658691406
0.01809239387512207
0.018067121505737305
0.018074512481689453
0.02007603645324707
0.02008962631225586
0.020113229751586914
0.02018594741821289
0.02021026611328125
0.020171403884887695
0.020174503326416016
0.020184755325317383
0.020133495330810547
0.020188570022583008
0.020198822021484375
0.020200252532958984
0.012145280838012695
0.012144088745117188
0.012143373489379883
0.02018880844116211
0.018128633499145508
0.020195960998535156
0.020190954208374023
0.02014899253845215
0.020117759704589844
0.020163297653198242
0.018129825592041016
0.030266284942626953
0.02016162872314453
0.02008819580078125
0.02009296417236328
0.0201265811920166
0.028197050094604492
0.020236968994140625
0.02017521858215332
0.020194292068481445
0.022432327270507812
0.020169734954833984
0.020164966583251953
0.020159006118774414
0.020205020904541016
0.02018284797668457
0.02017664909362793
0.020186662673950195
0.020188331604003906
0.02217268943786621
0.03027510643005371
0.02016139030456543
0.020199298858642578
0.018144845962524414
0.02216339111328125
0.022154808044433594
0.020136117935180664
0.0201566219329834
0.020146846771240234
0.02016592025756836
0.020175695419311523
0.022220611572265625
0.02433609962463379
0.02427506446838379
0.02014780044555664
0.022399187088012695
0.038179874420166016
0.028163433074951172
0.02218151092529297
0.020205259323120117
0.022213459014892578
0.020179033279418945
0.03025650978088379
0.02017807960510254
0.02822422981262207
0.02015376091003418
0.028207778930664062
0.02015852928161621
0.028206825256347656
0.02008509635925293
0.028120040893554688
0.020157814025878906
0.028200149536132812
0.020163536071777344
0.030401229858398438
0.022211790084838867
0.02820587158203125
0.020165681838989258
0.02222895622253418
0.020190000534057617
0.022218942642211914
0.028235197067260742
0.020157337188720703
0.030196189880371094
0.02016282081604004
0.020133018493652344
0.028199434280395508
0.020163297653198242
0.022192001342773438
0.030234575271606445
0.02015995979309082
0.022182464599609375
0.030269384384155273
0.020150184631347656
0.022130250930786133
0.02820301055908203
0.030218124389648438
0.020160198211669922
0.02007913589477539
0.030122041702270508
0.028193950653076172
0.02219390869140625
0.030257463455200195
0.028637409210205078
0.0201876163482666
0.030278682708740234
0.028228044509887695
0.020201921463012695
0.030293703079223633
0.030249834060668945
0.02823781967163086
0.028275728225708008
0.02817511558532715
0.03019571304321289
0.022104263305664062
0.03017711639404297
0.030249357223510742
0.028245210647583008
0.028261184692382812
0.028249263763427734
0.02014780044555664
0.022206783294677734
0.030255794525146484
0.030170917510986328
0.030153512954711914
0.028144121170043945
0.030394315719604492
0.028221845626831055
0.02020740509033203
0.030193805694580078
0.028215646743774414
0.02020120620727539
0.022254467010498047
0.02224874496459961
0.030272722244262695
0.0302736759185791
0.020188331604003906
0.0302886962890625
0.030299663543701172
0.030266284942626953
0.03027796745300293
0.030272245407104492
0.022223949432373047
0.030286073684692383
0.022258996963500977
0.022134780883789062
0.03018355369567871
0.028131484985351562
0.030251502990722656
0.030235767364501953
0.030228614807128906
0.030251026153564453
0.030299663543701172
0.030347824096679688
0.030262470245361328
0.030275344848632812
0.030279874801635742
0.03026556968688965
0.03023076057434082
0.030266523361206055
0.03220248222351074
0.03014206886291504
0.03025984764099121
0.02967357635498047
0.03882122039794922
0.030292510986328125
0.030285358428955078
0.030240535736083984
0.03821849822998047
0.030529499053955078
0.030527591705322266
0.03025531768798828
0.030244827270507812
0.0303037166595459
0.03028726577758789
0.03027200698852539
0.03228354454040527
0.03829550743103027
0.030202627182006836
0.030277490615844727
0.03028702735900879
0.030274152755737305
0.030179738998413086
0.04017806053161621
0.030286550521850586
0.03025531768798828
0.03227424621582031
0.03025674819946289
0.03831934928894043
0.030257701873779297
0.03026747703552246
0.03019881248474121
0.032243967056274414
0.030458450317382812
0.03833413124084473
0.03027033805847168
0.03029632568359375
0.03029322624206543
0.030272245407104492
0.030265092849731445
0.03231668472290039
0.03029036521911621
0.0403599739074707
0.038333892822265625
0.030279159545898438
0.03229331970214844
0.030196189880371094
0.03232884407043457
0.028227567672729492
0.030153274536132812
0.03232216835021973
0.038309335708618164
0.030379295349121094
0.038289785385131836
0.03025650978088379
0.03229951858520508
0.03835487365722656
0.030299901962280273
0.03833317756652832
0.030240535736083984
0.030226469039916992
0.040305376052856445
0.03818917274475098
0.030196428298950195
0.04037809371948242
0.04027843475341797
0.03816342353820801
0.030247926712036133
0.03233742713928223
0.0403141975402832
0.03860926628112793
0.030240774154663086
0.0324404239654541
0.04022479057312012
0.03813004493713379
0.03029489517211914
0.0322871208190918
0.032431602478027344
0.030282020568847656
0.03233599662780762
0.040361881256103516
0.04037189483642578
0.04037141799926758
0.0585331916809082
0.0382993221282959
0.04037356376647949
0.04035449028015137
0.030258655548095703
0.03239178657531738
0.040369272232055664
0.04025840759277344
0.04033017158508301
0.0322725772857666
0.03227496147155762
0.03226423263549805
0.050282955169677734
0.030251026153564453
0.032283782958984375
0.032325029373168945
0.040343523025512695
0.03828907012939453
0.04034280776977539
0.040346622467041016
0.04030442237854004
0.04038691520690918
0.0408017635345459
0.04030895233154297
0.04025077819824219
0.04018282890319824
0.04033207893371582
0.04028153419494629
0.04030966758728027
0.040352821350097656
0.040350914001464844
0.040190696716308594
0.04823589324951172
0.04032731056213379
0.040606021881103516
0.05255413055419922
0.0363154411315918
0.04866313934326172
0.040619850158691406
0.03821730613708496
0.042376041412353516
0.042402029037475586
0.04029726982116699
0.040357112884521484
0.04034137725830078
0.03830528259277344
0.04220318794250488
0.04224562644958496
0.04020094871520996
0.04239296913146973
0.04040217399597168
0.04037594795227051
0.04237961769104004
0.04038095474243164
0.04869675636291504
0.04257369041442871
0.040612220764160156
0.042353153228759766
0.05050921440124512
0.05068087577819824
0.04284954071044922
0.04036712646484375
0.0403900146484375
0.048424482345581055
0.04031848907470703
0.04045557975769043
0.04241609573364258
0.04041457176208496
0.042440176010131836
0.06059741973876953
0.040381669998168945
0.0424046516418457
0.04845881462097168
0.04041695594787598
0.05039024353027344
0.04048490524291992
0.0505526065826416
0.04844951629638672
0.04031991958618164
0.042374610900878906
0.04835367202758789
0.040580034255981445
0.04264521598815918
0.048338890075683594
0.04029345512390137
0.05041241645812988
0.05036425590515137
0.05046391487121582
0.04034733772277832
0.05045509338378906
0.0512080192565918
0.04833817481994629
0.04053902626037598
0.042706966400146484
0.050955772399902344
0.04932594299316406
0.05078125
0.048403024673461914
0.05851936340332031
0.07513785362243652
0.043482303619384766
0.05075693130493164
0.045276641845703125
0.050447702407836914
0.0485079288482666
0.0525360107421875
0.04819202423095703
0.06260800361633301
0.05625796318054199
0.049312591552734375
0.048474788665771484
0.05007290840148926
0.054367780685424805
0.052123069763183594
0.048845529556274414
0.055455923080444336
0.049240827560424805
0.04914689064025879
0.036443471908569336
0.05176687240600586
0.04231834411621094
0.04075956344604492
0.05049586296081543
0.047911882400512695
0.05034804344177246
0.048003196716308594
0.04545021057128906
0.06288647651672363
0.048005104064941406
0.05235624313354492
0.04563117027282715
0.05420851707458496
0.05023908615112305
0.05499863624572754
0.05064678192138672
0.05419111251831055
0.05296945571899414
0.04931950569152832
0.05063319206237793
0.05862164497375488
0.0523076057434082
0.05039691925048828
0.048361778259277344
0.0505220890045166
0.06055164337158203
0.07276272773742676
0.0673978328704834
0.05902361869812012
0.06091117858886719
0.06901097297668457
0.06252479553222656
0.05744218826293945
0.06252288818359375
0.0440213680267334
0.048470497131347656
0.04050850868225098
0.05137038230895996
0.06686878204345703
0.05678820610046387
0.06110072135925293
0.06538510322570801
0.0675959587097168
0.05847740173339844
0.050026893615722656
0.04637646675109863
0.06065726280212402
0.050751686096191406
0.06679582595825195
0.07045102119445801
0.06276917457580566
0.049311161041259766
0.051795244216918945
0.056055307388305664
0.05686664581298828
